image_width: 1920
image_height: 1080
camera_name: left
camera_matrix:
  rows: 3
  cols: 3
  data: [1602.212263854091, 0, 862.3238434258567, 0, 1603.235698674997, 523.3223333604481, 0, 0, 1]
distortion_model: plumb_bob
distortion_coefficients:
  rows: 1
  cols: 5
  data: [-0.403575227315284, 0.1852857395330468, -0.001720783744508187, -0.002623319578761526, 0]
rectification_matrix:
  rows: 3
  cols: 3
  data: [0.9989266220898019, 0.005582151117778787, -0.04598307589925036, -0.005443617089482856, 0.999980261709454, 0.003137391348652394, 0.04599968166456186, -0.002883709484290977, 0.9989372920791221]
projection_matrix:
  rows: 3
  cols: 4
  data: [1648.954957661568, 0, 1116.161552429199, 0, 0, 1648.954957661568, 512.6664657592773, 0, 0, 0, 1, 0]
