image_width: 960
image_height: 540
camera_name: right
camera_matrix:
  rows: 3
  cols: 3
  data: [797.4476736864202, 0, 543.9420071018467, 0, 798.2630259933072, 263.9884617779129, 0, 0, 1]
distortion_model: plumb_bob
distortion_coefficients:
  rows: 1
  cols: 5
  data: [-0.4259230502621031, 0.2088361319525156, -0.001024670803398994, 0.0001945600648924112, 0]
rectification_matrix:
  rows: 3
  cols: 3
  data: [0.9911573430187207, -0.0195362849819771, -0.131245780690935, 0.01893536343838325, 0.9998037405637958, -0.005825149448572405, 0.1313338242477023, 0.003288453092996802, 0.9913327456937598]
projection_matrix:
  rows: 3
  cols: 4
  data: [805.385162848315, 0, 614.1706352233887,
  -4.842016600377991,  0, 805.385162848315, 266.1567878723145,0,
  0, 0, 1, 0]
