image_width: 1920
image_height: 1080
camera_name: right
camera_matrix:
  rows: 3
  cols: 3
  data: [1606.341870439699, 0, 1096.4176622634, 0, 1605.723050110045, 514.551151807343, 0, 0, 1]
distortion_model: plumb_bob
distortion_coefficients:
  rows: 1
  cols: 5
  data: [-0.4039096251778287, 0.1815003923839924, 0.001107868353614829, 0.001576945470479085, 0]
rectification_matrix:
  rows: 3
  cols: 3
  data: [0.9984493647904998, -0.006511837479256316, -0.05528527762516097, 0.006345259557695572, 0.9999747866515324, -0.003188062478618565, 0.05530464384292557, 0.002832319520438208, 0.9984655098377416]
projection_matrix:
  rows: 3
  cols: 4
  data: [1648.954957661568, 0, 1116.161552429199, -9.799513259561014, 0, 1648.954957661568, 512.6664657592773, 0, 0, 0, 1, 0]
